% 2024-10-02
% Tokyo icamp2025 DATA v2
%%%%%%%%%%%%%%%%%%%%%%%%%%%%%%%%%%%%%%%%%%%%%%%%%%%%%%%%%%%%%%%%%%%%%%%%%%%%%%%%
xx = [
1.000000000000000000e+00,1.000000000000000000e+00
2.000000000000000000e+00,1.000000000000000000e+00
3.000000000000000000e+00,1.000000000000000000e+00
4.000000000000000000e+00,1.000000000000000000e+00
5.000000000000000000e+00,1.000000000000000000e+00
6.000000000000000000e+00,1.000000000000000000e+00
7.000000000000000000e+00,1.000000000000000000e+00
8.000000000000000000e+00,1.000000000000000000e+00
9.000000000000000000e+00,1.000000000000000000e+00
]

b_ex_left = [
4.950000000000000178e+00
4.900000000000000355e+00
5.350000000000000533e+00
6.299999999999999822e+00
7.250000000000000000e+00
7.200000000000000178e+00
7.650000000000000355e+00
8.099999999999999645e+00
8.550000000000000711e+00
]

b_ex_rigth = [
6.050000000000000711e+00
6.100000000000000533e+00
6.650000000000000355e+00
7.700000000000001066e+00
8.750000000000000000e+00
8.800000000000000711e+00
9.350000000000001421e+00
9.900000000000000355e+00
1.045000000000000107e+01
]

%%%%%%%%%%%%%%%%%%%%%%%%%%%%%%%%%%%%%%%%%%%%%%%%%%%%%%%%%%%%%%%%%%%%%%%%%%%%%%%%


b_easy_left = [
4.950000000000000178e+00
4.900000000000000355e+00
5.350000000000000533e+00
6.859999999999999432e+00
7.250000000000000000e+00
7.200000000000000178e+00
7.650000000000000355e+00
8.099999999999999645e+00
8.550000000000000711e+00
]

b_easy_rigth = [
6.050000000000000711e+00
6.100000000000000533e+00
6.650000000000000355e+00
7.140000000000000568e+00
8.750000000000000000e+00
8.800000000000000711e+00
9.350000000000001421e+00
9.900000000000000355e+00
1.045000000000000107e+01
]
%%%%%%%%%%%%%%%%%%%%%%%%%%%%%%%%%%%%%%%%%%%%%%%%%%%%%%%%%%%%%%%%%%%%%%%%%%%%%%%%

%%%%%%%%%%%%%%%%%%%%%%%%%%%%%%%%%%%%%%%%%%%%%%%%%%%%%%%%%%%%%%%%%%%%%%%%%%%%%%%%
xx4opt = [
1.000000000000000000e+00,1.000000000000000000e+00
1.000000000000000000e+00,1.000000000000000000e+00
2.000000000000000000e+00,1.000000000000000000e+00
2.000000000000000000e+00,1.000000000000000000e+00
3.000000000000000000e+00,1.000000000000000000e+00
3.000000000000000000e+00,1.000000000000000000e+00
4.000000000000000000e+00,1.000000000000000000e+00
4.000000000000000000e+00,1.000000000000000000e+00
4.000000000000000000e+00,1.000000000000000000e+00
4.000000000000000000e+00,1.000000000000000000e+00
5.000000000000000000e+00,1.000000000000000000e+00
5.000000000000000000e+00,1.000000000000000000e+00
6.000000000000000000e+00,1.000000000000000000e+00
6.000000000000000000e+00,1.000000000000000000e+00
7.000000000000000000e+00,1.000000000000000000e+00
7.000000000000000000e+00,1.000000000000000000e+00
8.000000000000000000e+00,1.000000000000000000e+00
8.000000000000000000e+00,1.000000000000000000e+00
9.000000000000000000e+00,1.000000000000000000e+00
9.000000000000000000e+00,1.000000000000000000e+00
]

b_opt_left4 = [
4.950000000000000178e+00
4.950000000000000178e+00
5.379999999999999893e+00
4.900000000000000355e+00
5.870000000000000107e+00
5.350000000000000533e+00
6.859999999999999432e+00
6.299999999999999822e+00
6.859999999999999432e+00
6.299999999999999822e+00
7.250000000000000000e+00
7.250000000000000000e+00
7.839999999999999858e+00
7.200000000000000178e+00
8.330000000000000071e+00
7.650000000000000355e+00
8.820000000000000284e+00
8.099999999999999645e+00
9.310000000000000497e+00
8.550000000000000711e+00
]

b_opt_rigth4 = [
5.610000000000000320e+00
6.050000000000000711e+00
6.100000000000000533e+00
6.100000000000000533e+00
6.650000000000000355e+00
6.650000000000000355e+00
7.140000000000000568e+00
7.140000000000000568e+00
7.700000000000001066e+00
7.700000000000001066e+00
8.150000000000000355e+00
8.750000000000000000e+00
8.800000000000000711e+00
8.800000000000000711e+00
9.350000000000001421e+00
9.350000000000001421e+00
9.900000000000000355e+00
9.900000000000000355e+00
1.045000000000000107e+01
1.045000000000000107e+01
]

